179
199
182
162
189
185
167
183
191
175
168
182
173
191
177
184
173
199
193
182
191
205
186
162
185
200
172
164
191
147
162
169
201
170
189
176
209
173
169
188
199
195
195
191
190
171
169
172
174
160
189
173
199
184
191
180
198
168
197
191
176
180
156
197
196
178
178
174
175
195
175
189
172
161
193
169
165
202
169
175
184
171
176
167
175
174
192
185
175
159
180
185
176
164
171
167
179
175
184
205
175
199
190
188
178
183
199
186
170
192
199
180
183
187
200
179
167
173
170
186
169
183
182
196
181
166
208
180
191
191
189
181
199
183
186
198
177
204
217
207
177
166
169
190
165
158
222
195
204
195
163
177
207
175
193
178
167
166
183
167
177
196
189
174
183
192
178
192
187
192
192
186
192
161
167
182
196
214
188
188
189
179
162
157
182
171
160
175
192
203
183
173
197
193
168
174
179
187
182
173
171
205
192
196
185
187
193
187
184
160
195
173
180
223
187
176
199
181
203
195
185
157
180
190
172
186
206
175
174
159
173
186
182
224
188
214
168
190
184
189
188
184
193
172
173
205
167
182
191
187
181
176
169
162
189
176
179
182
187
184
180
179
189
167
194
180
173
179
191
189
174
203
184
187
186
164
193
198
199
190
168
195
168
155
178
163
207
164
188
179
176
169
221
171
164
158
180
197
187
185
176
193
180
183
171
165
177
178
183
169
168
177
204
168
175
179
183
204
178
194
148
180
187
189
178
172
201
194
165
195
184
184
197
181
199
187
176
163
193
169
197
161
174
197
169
181
162
171
198
185
176
181
213
171
210
194
182
168
169
197
152
216
175
151
180
207
204
171
178
183
176
163
180
175
182
204
159
163
193
197
164
181
183
185
171
165
180
184
201
190
160
182
150
180
203
180
174
176
185
170
202
165
186
185
168
188
212
193
207
163
152
198
183
171
200
221
175
164
167
158
205
173
190
183
173
161
175
158
194
188
184
173
181
191
168
175
182
185
179
182
180
181
182
170
186
199
167
191
195
176
175
191
171
202
184
172
197
189
178
173
188
176
190
179
178
178
167
196
175
194
174
155
172
204
176
187
167
168
201
181
180
172
173
183
208
171
184
176
176
191
176
201
182
174
176
164
180
195
195
189
167
182
190
179
170
179
169
183
183
173
188
186
158
185
172
163
173
173
178
183
167
179
165
150
174
189
166
190
165
183
198
191
175
166
190
190
166
191
188
189
169
185
177
166
164
177
185
177
183
176
185
192
186
215
182
203
191
172
171
172
186
206
186
172
169
175
197
192
176
177
174
178
188
159
182
184
185
178
198
179
164
172
173
188
193
173
189
196
180
185
156
191
184
179
181
204
177
164
177
176
176
204
183
170
202
183
193
176
200
190
194
171
167
187
197
175
174
191
191
193
193
143
187
202
185
157
188
203
177
180
190
157
201
182
188
162
199
148
183
201
186
170
193
204
187
180
169
175
210
169
174
182
164
188
200
196
192
170
186
196
194
163
178
214
193
181
178
175
196
198
193
166
170
188
188
175
184
159
218
181
202
176
178
190
178
168
179
174
179
188
206
182
159
190
176
183
177
166
192
197
179
182
167
192
201
193
192
195
186
193
179
208
175
216
167
158
179
192
170
176
190
178
161
170
192
195
179
185
180
166
175
175
191
182
178
181
169
185
169
173
177
173
172
174
179
179
173
184
198
194
165
180
208
175
163
184
215
181
196
190
169
218
179
181
176
184
170
218
192
183
197
174
172
207
179
181
208
149
169
178
181
182
184
188
186
188
189
173
183
185
185
157
168
157
224
184
173
205
175
171
180
181
189
182
188
208
171
169
176
199
194
177
184
171
186
184
156
188
175
183
169
194
195
201
184
180
155
174
178
196
180
188
172
180
176
177
188
201
171
175
166
191
166
188
178
154
180
169
164
233
180
173
173
151
192
167
168
222
166
170
171
219
171
172
185
186
179
166
183
156
176
184
172
192
183
155
210
191
205
178
189
188
193
201
162
192
189
165
161
201
183
189
189
173
185
187
176
178
185
168
179
168
184
194
175
175
169
189
175
176
177
174
183
186
164
187
169
173
171
166
174
190
205
181
177
179
173
191
199
180
186
192
167
175
203
173
160
213
200
209
195
178
179
197
184
161
188
177
169
184
179
173
191
175
169
170
188
166
177
187
159
188
176
174
186
164
154
185
198
170
198
174
190
174
181
193
169
174
167
184
185
170
181
218
182
172
172
162
190
171
183
166
189
194
213
183
175
177
173
203
[142.20000000000002, 163.4, 162.9, 162.8, 162.5, 161.5, 162.60000000000002, 163.10000000000002, 162.3, 162.10000000000002, 158.60000000000002, 157.9, 157.5, 169.10000000000002, 168.60000000000002, 168.60000000000002, 168.0, 166.9, 166.60000000000002, 165.4, 165.0, 164.10000000000002, 163.60000000000002, 163.20000000000002, 162.8, 163.3, 163.10000000000002, 166.9, 166.10000000000002, 165.3, 164.8, 164.70000000000002, 164.5, 163.60000000000002, 163.0, 159.5, 158.9, 158.10000000000002, 157.20000000000002, 161.4, 160.60000000000002, 158.9, 158.4, 157.0, 156.70000000000002, 156.4, 155.8, 155.20000000000002, 163.8, 162.60000000000002, 162.4, 161.20000000000002, 160.9, 160.60000000000002, 159.4, 174.20000000000002, 174.10000000000002, 172.9, 172.4, 171.8, 171.4, 168.70000000000002, 177.8, 177.70000000000002, 174.60000000000002, 172.3, 169.70000000000002, 166.20000000000002, 165.20000000000002, 164.60000000000002, 163.3, 163.10000000000002, 160.9, 160.70000000000002, 160.5, 159.70000000000002, 159.0, 163.70000000000002, 163.4, 162.8, 162.20000000000002, 162.3, 161.5, 169.10000000000002, 168.4, 167.70000000000002, 166.5, 164.9, 163.9, 162.70000000000002, 161.9, 161.20000000000002, 160.70000000000002, 160.3, 161.20000000000002, 160.60000000000002, 159.9, 159.20000000000002, 155.70000000000002, 153.4, 151.3, 166.70000000000002, 167.3, 166.70000000000002, 166.3, 162.70000000000002, 162.3, 160.20000000000002, 159.8, 158.9, 157.70000000000002, 157.5, 156.60000000000002, 155.70000000000002, 155.10000000000002, 159.8, 159.8, 158.8, 158.10000000000002, 158.0, 157.9, 157.5, 166.4, 167.20000000000002, 166.70000000000002, 166.3, 166.0, 165.0, 164.60000000000002, 164.0, 162.0, 161.3, 160.70000000000002, 160.5, 159.70000000000002, 166.10000000000002, 165.9, 165.4, 164.9, 164.3, 167.60000000000002, 167.60000000000002, 167.3, 166.9, 166.3, 166.20000000000002, 166.20000000000002, 174.0, 173.3, 171.60000000000002, 170.5, 169.10000000000002, 168.0, 166.5, 166.0, 165.20000000000002, 164.9, 187.8, 185.20000000000002, 184.10000000000002, 183.8, 183.3, 183.0, 182.8, 179.8, 178.60000000000002, 177.60000000000002, 177.4, 187.20000000000002, 186.70000000000002, 186.10000000000002, 185.70000000000002, 184.4, 183.4, 183.10000000000002, 182.8, 181.3, 181.20000000000002, 181.10000000000002, 180.3, 180.20000000000002, 179.8, 179.60000000000002, 175.9, 175.70000000000002, 173.20000000000002, 172.8, 172.10000000000002, 172.10000000000002, 173.70000000000002, 175.5, 174.60000000000002, 174.4, 172.8, 171.70000000000002, 171.5, 169.3, 168.70000000000002, 166.60000000000002, 166.4, 171.5]
[140.4, 134.3, 146.8, 148.8, 138.3, 161.5, 159.0, 149.9, 149.0, 142.0, 140.6, 160.9, 162.60000000000002, 148.20000000000002, 164.70000000000002, 163.10000000000002, 167.20000000000002, 141.1, 153.20000000000002, 146.6, 187.9, 186.9, 181.4, 179.60000000000002, 179.4, 157.60000000000002, 178.5, 177.3, 177.0, 174.10000000000002, 158.20000000000002, 173.0, 169.20000000000002, 157.60000000000002, 156.0, 168.5, 166.70000000000002, 149.8, 141.6, 166.70000000000002, 140.8, 166.3, 164.60000000000002, 164.10000000000002, 163.20000000000002, 162.70000000000002, 134.70000000000002, 162.4, 161.0, 162.20000000000002, 162.20000000000002, 163.8, 163.60000000000002, 163.3, 162.8, 157.8, 151.3, 146.70000000000002, 170.5, 169.8, 168.9, 165.70000000000002, 157.20000000000002, 160.20000000000002, 160.9, 160.60000000000002, 154.20000000000002, 166.4, 161.8, 165.70000000000002, 166.3, 155.4, 171.60000000000002, 161.5, 135.6, 165.3, 136.8, 165.8, 164.10000000000002, 164.20000000000002, 164.0, 131.6, 152.9, 186.10000000000002, 191.60000000000002, 190.5, 190.0, 186.10000000000002, 180.5, 180.20000000000002, 175.5, 154.70000000000002, 175.4, 174.9, 172.20000000000002, 154.70000000000002, 156.60000000000002, 154.20000000000002, 175.5, 150.3, 174.3, 173.9, 173.60000000000002, 173.8, 172.9, 172.4, 172.10000000000002, 171.10000000000002, 171.0, 169.9, 169.70000000000002, 169.4, 169.4, 168.60000000000002, 168.3, 166.4, 166.20000000000002, 164.5, 163.10000000000002, 160.8, 160.5, 137.1, 129.5, 178.9, 177.5, 176.60000000000002, 173.10000000000002, 173.10000000000002, 172.20000000000002, 173.20000000000002, 173.0, 172.0, 171.9, 171.9, 170.60000000000002, 170.4, 170.0, 169.70000000000002, 170.0, 168.8, 168.20000000000002, 167.9, 167.4, 167.70000000000002, 166.8, 165.9, 165.4, 165.20000000000002, 164.4, 163.9, 163.70000000000002, 163.70000000000002, 162.10000000000002, 161.20000000000002, 159.70000000000002, 159.3, 159.20000000000002, 158.60000000000002, 152.4, 158.70000000000002, 154.70000000000002, 154.9, 153.3, 149.20000000000002, 143.4, 140.3, 140.1, 140.1, 141.20000000000002, 151.3, 152.5, 161.70000000000002, 161.5, 160.60000000000002, 147.70000000000002, 147.6, 168.8, 168.70000000000002, 178.60000000000002, 188.9, 188.5, 187.70000000000002, 186.4, 181.8, 181.70000000000002, 181.70000000000002, 180.60000000000002, 178.70000000000002, 177.8, 177.60000000000002, 177.20000000000002, 177.20000000000002, 176.5, 176.4, 175.70000000000002, 175.8, 175.0, 174.5, 174.5, 174.20000000000002, 173.0, 175.0]
[140.6, 149.70000000000002, 149.8, 149.8, 158.3, 156.10000000000002, 157.9, 157.60000000000002, 155.9, 155.70000000000002, 155.60000000000002, 152.5, 151.4, 150.5, 150.1, 170.20000000000002, 168.5, 165.4, 164.8, 164.20000000000002, 162.10000000000002, 161.20000000000002, 158.8, 158.0, 174.5, 174.60000000000002, 173.3, 173.10000000000002, 172.8, 171.5, 171.3, 170.4, 169.9, 168.9, 168.4, 168.10000000000002, 167.20000000000002, 183.70000000000002, 180.60000000000002, 179.3, 179.10000000000002, 177.10000000000002, 176.5, 175.60000000000002, 174.20000000000002, 173.5, 173.0, 171.8, 171.4, 170.60000000000002, 170.4, 169.3, 168.60000000000002, 168.20000000000002, 171.60000000000002, 190.4, 190.0, 186.3, 185.20000000000002, 184.20000000000002, 180.8, 178.0, 176.60000000000002, 174.20000000000002, 180.3, 179.3, 178.4, 178.0, 177.4, 175.4, 175.10000000000002, 174.9, 174.4, 174.20000000000002, 172.10000000000002, 170.70000000000002, 169.10000000000002, 166.20000000000002, 165.4, 164.0, 163.4, 163.0, 169.4, 188.5, 186.8, 186.70000000000002, 186.5, 185.70000000000002, 185.3, 184.5, 183.5, 183.20000000000002, 179.9, 179.0, 178.60000000000002, 178.0, 177.9, 176.10000000000002, 172.10000000000002, 172.0, 171.70000000000002]
[128.20000000000002, 146.1, 146.0, 141.1, 134.1, 134.9, 131.3, 165.70000000000002, 165.4, 146.0, 144.20000000000002, 143.70000000000002, 149.5, 140.4, 172.10000000000002, 137.0, 171.20000000000002, 168.8, 166.20000000000002, 136.70000000000002, 167.5, 167.10000000000002, 166.9, 166.20000000000002, 166.10000000000002, 165.3, 165.4, 163.0, 162.5, 145.3, 169.10000000000002, 167.4, 167.3, 167.0, 166.20000000000002, 163.10000000000002, 162.70000000000002, 160.3, 156.5, 147.4, 139.6, 169.4, 167.0, 166.70000000000002, 165.5, 171.9, 170.60000000000002, 171.10000000000002, 170.8, 170.5, 169.3, 145.1, 145.0, 139.9, 153.5, 178.0, 177.4, 176.3, 175.8, 172.4, 171.9, 171.8, 158.3, 159.20000000000002, 175.20000000000002, 178.5, 178.10000000000002, 178.0, 175.10000000000002, 175.0, 173.70000000000002, 172.9, 171.5, 170.4, 170.20000000000002, 170.4, 170.10000000000002, 168.70000000000002, 169.9, 169.4, 169.3, 168.4, 167.60000000000002, 170.70000000000002, 169.9, 169.9, 170.0, 168.0, 167.8, 166.70000000000002, 165.5, 164.0, 163.9, 161.20000000000002, 161.60000000000002, 168.5, 168.3, 168.10000000000002, 168.10000000000002, 167.5, 173.5, 172.8]
